Temperature,Gas,Relative Humidity,Pressure,Altitude,PM 2.5 Standard
23.2909375,2237,44.600719555240445,1006.1502165874425,59.27894569990097,4
23.570625,4661,44.289011802223385,1006.1432518502811,59.33726314744098,3
23.65578125,7244,43.900240264178414,1006.1734960027709,59.08402383427001,3
23.698359375,10111,43.537990560132464,1006.1403383115138,59.361659017041255,4
23.7383984375,12900,43.23109491436375,1006.1512515204065,59.27027998098412,4
23.77765625,15625,42.94900381717956,1006.1608696083881,59.18974598256639,4
23.79875,18463,42.878298087250045,1006.1887845544483,58.95601259653464,4
23.8235546875,21128,42.783691302992075,1006.1262638224475,59.47950943004351,4
23.847578125,23631,42.67688011371661,1006.1521124299505,59.263071403530994,4
23.8622265625,26068,42.61163337927574,1006.1417974110616,59.34944156397753,5
23.88,28515,42.58322834290157,1006.171126136998,59.103866891525136,5
23.8673046875,31235,42.47242689076096,1006.0260207144077,60.31891717584008,5
23.8278515625,33750,42.2494936284731,1006.0505886030713,60.1131862836893,6
23.7954296875,36011,41.954989363944996,1006.0315749615803,60.272405691480984,6
23.7739453125,38740,41.67433026935855,1005.878882667357,61.551132689168,5
23.73,41095,41.42791745234065,1005.7994824509348,62.21613471450085,4
23.6626171875,43663,41.23962013637567,1005.7158940279238,62.91626023056988,4
23.5934765625,45861,41.09353417954405,1005.55356276083,64.27605994853052,4
23.541328125,48208,40.91937558472207,1005.502003456255,64.70799377522678,4
23.4841015625,50688,40.74488453271797,1005.3869159642113,65.67219445428081,4
23.426875,52697,40.63663345869159,1005.2373710762979,66.92521201778413,4
23.38625,54836,40.548252745548496,1005.1565749294391,67.6022554418538,3
23.3544140625,57078,40.46686898442395,1005.0351436137447,68.61989024058319,3
23.3372265625,58432,40.387100117966924,1004.9861204741418,69.0307486584486,2
23.3462109375,61164,40.2742301009956,1004.9940466743736,68.96431880457678,2
23.36203125,63338,40.150194330320964,1005.040815064955,68.57235937758232,3
23.401484375,65467,40.04071864641183,1005.0231786977887,68.72016560226692,3
23.39640625,66931,39.95049408101505,1005.0148036653612,68.79035550496656,3
23.4020703125,69659,39.55706989980927,1004.9621136673155,69.23195341456922,3
23.43390625,70539,39.14949298816828,1004.9939378142676,68.96523116332934,2
23.466328125,72057,38.9032489356965,1004.9646893724763,69.2103658453958,2
23.496796875,73705,38.775803946956906,1004.9666796773756,69.19368467927823,2
23.528046875,75228,38.725637720220796,1005.0113164983646,68.81958107321636,2
23.5508984375,77027,38.621244940551435,1004.9800588296405,69.08155187003497,1
23.5712109375,78471,38.43964317191981,1004.9652927693828,69.20530864553854,3
23.5794140625,79665,38.25108267915379,1004.9995010325115,68.91860582100372,2
23.599140625,81131,38.06982877364966,1004.9906607113714,68.9926966665387,2
23.6036328125,83145,37.92854186128134,1005.0118564959578,68.81505540660527,3
23.614375,84063,37.817508741059854,1005.0157793503007,68.7821784100503,2
23.6346875,84658,37.74289701097924,1004.9803226959142,69.07934037686033,2
23.6563671875,86226,37.80997657511804,1005.0091715916029,68.83755734485497,2
23.609296875,87763,37.84059159651551,1004.9936173111565,68.96791730686276,3
23.533125,88880,37.83285255551915,1005.0059026849952,68.86495381836616,3
23.490546875,90415,37.893427447414766,1005.0184134490889,68.76010238569272,3
23.4923046875,91602,37.85820367819675,1005.0282055279084,68.67803671318728,4
23.4141796875,92513,37.856169791063856,1005.0510088767196,68.48692840832692,4
23.351875,94925,37.861644041448486,1005.1067663152671,68.01965614682274,4
23.3817578125,94154,37.87647515451703,1005.0457823572016,68.53073005437878,4
23.4161328125,94955,37.78559624329291,1005.088692807413,68.17111792334148,5
23.51203125,96653,37.73046169883035,1005.0469490941598,68.52095202089083,5
23.653828125,97327,37.644623514661305,1005.2118374360039,67.13917022195234,6
23.800703125,98240,37.48275525645299,1005.2540462376813,66.78548548864094,5
23.98234375,99230,37.35980881932003,1005.2500150325491,66.81926407825705,5
24.1551953125,100060,37.17721526145316,1005.2658511409021,66.68656955032702,5
24.47296875,101208,36.90944520287896,1005.0716358409694,68.31406278044363,5
24.6102734375,101025,36.8116499220835,1005.0837564494508,68.21248656534438,5
24.7094921875,100239,36.727678309086436,1005.0054552443631,68.86870379205489,5
24.7633984375,101270,36.56297360618135,1005.004434814397,68.87725596080325,4
24.73859375,102635,36.402305718527224,1004.9843115380613,69.04590949557232,4
24.7591015625,103908,36.10596283480256,1004.9628259629202,69.2259834990633,4
24.7628125,104884,35.971953308039716,1004.9620293564407,69.2326600438933,4
24.7673046875,104687,35.855641356257436,1004.9556121976882,69.28644390543086,3
24.7926953125,103715,35.95737575766911,1004.9628826286373,69.22550857062322,3
24.80421875,105479,36.11626444432114,1004.9335051215695,69.4717311376844,3
24.7926953125,106147,36.132663807853206,1005.004325190136,68.87817471626234,3
24.771015625,106756,36.10129433268846,1004.9686291217608,69.17734599970059,3
24.761640625,109192,36.01272241174565,1005.0015404265955,68.90151370777915,3
24.7895703125,108837,35.93371170020023,1004.9715515472549,69.15285262077161,3
24.8149609375,110270,35.97124795321839,1004.9857276589769,69.0340408717009,4
24.8721875,109836,35.91264700884383,1004.976330608629,69.11279856353971,4
24.911640625,110561,35.75312070604173,1004.9238420214429,69.55272203778499,3
25.037421875,111667,36.06916255831971,1004.9650719726607,69.20715919029084,3
25.226875,112115,35.56243706763989,1004.9244248416107,69.54783713521401,4
25.2235546875,110270,35.329146962101625,1004.9258727120571,69.5357018305805,3
25.2344921875,110780,35.55152570132756,1004.9024006223292,69.73243454742017,3
25.2508984375,111741,35.68724548545978,1004.9086615792545,69.67995760050776,3
25.27375,113023,35.63116147306654,1004.8425812591012,70.23383092490336,3
25.3005078125,113482,35.62212246836156,1004.9211694275801,69.57512239123662,3
25.3380078125,111965,35.783348198603015,1004.9068314134612,69.69529732299651,3
25.363984375,110270,36.230268726094906,1004.9011794061433,69.74267034538028,3
25.3399609375,112190,36.62653310528631,1004.9100449234091,69.66836297446731,3
25.292890625,113099,36.59833388526371,1004.8878989280638,69.85398322038999,3
25.3024609375,114569,36.464371275470114,1004.8898207616394,69.83787492984382,3
25.2973828125,115120,36.32320222681852,1004.9022026796537,69.73409363155497,3
25.292890625,115517,36.17636994040589,1004.9086360349887,69.68017170223463,5
25.29484375,116562,36.14145212525642,1004.9118497216505,69.65323591173515,5
25.262421875,116158,36.454506378227954,1004.9137992039172,69.63689619282977,3
25.2446484375,117958,36.31794865083428,1004.9191128716993,69.59235945333623,5
25.2153515625,119814,36.16867201987449,1004.9400201465229,69.41712606382798,4
25.2489453125,119557,35.908890165208305,1004.9469191992598,69.35930260940543,3
25.2942578125,120158,35.77320380578418,1004.9592723639602,69.25576707441857,3
25.3411328125,119728,35.67277166656782,1004.9603632560835,69.24662403369815,3
25.415546875,119900,35.63341143976107,1004.9652728058567,69.2054759641252,3
25.524140625,119557,35.45166128949544,1004.9434108281384,69.38870749559116,4
25.5426953125,121114,35.26711277072604,1004.9186134322288,69.59654551904103,5
25.570625,122085,35.08950009565944,1004.8815724828695,69.9070099534443,3
25.5477734375,122981,35.1396126598123,1004.9822872985834,69.06287483379118,3
25.5376171875,123071,34.83652675523278,1004.9102602431132,69.6665582537597,4
25.5395703125,124628,34.71488345383678,1004.9342179698288,69.46575645253448,5
25.548359375,125374,34.628764577144906,1004.9486757251544,69.34458058237982,3
25.5255078125,125751,34.50491112660127,1004.952574715192,69.31190192611716,4
25.5071484375,126320,34.42210549445165,1004.9431171404066,69.39116899902112,4
25.480390625,127280,34.36168865987366,1004.9129282753328,69.64419593713146,4
25.4505078125,127765,34.520897563345144,1004.9951367452476,68.95518290292017,5
25.3596875,127960,34.14212649711435,1004.901023024976,69.74398107720795,5
25.2458203125,129845,34.06207184486685,1004.8657462584863,70.03966272128244,3
25.184296875,130859,34.05626049163133,1004.9096503092017,69.67167046836124,4
25.226875,131270,34.23929086489848,1004.986629999123,69.02647829305437,4
25.2159375,130859,34.203590493068866,1005.0101001031187,68.8297755691101,3
25.1657421875,131890,33.86421209948979,1004.8307393932946,70.3330904242499,3
25.1282421875,132202,33.797315816422326,1004.8381385260572,70.27107016998858,3
25.07296875,133042,33.832452957920076,1004.8577410716487,70.10676150373261,3
25.0360546875,132937,34.02496820543947,1004.824628633068,70.38431169274807,3
25.0419140625,132937,33.93902655486373,1004.8066330694455,70.53515455266151,2
25.02921875,132411,34.018556313162655,1004.8202878151483,70.42069720424081,2
25.0106640625,132937,34.09180172119569,1004.831207191503,70.32916928297834,2
25.0055859375,132202,34.235644868530784,1004.8021215492695,70.57297147196029,2
24.9669140625,131994,34.47473629545026,1004.8144738497824,70.46943110026744,2
24.9426953125,131890,34.68080531412619,1004.7884299346072,70.68773954659842,2
24.9387890625,131682,34.86009487627001,1004.830360837301,70.33626352754352,2
24.928046875,130350,35.21320923217093,1004.8195880546638,70.42656273357805,3
24.9083203125,129845,35.64783920299787,1004.8147518954945,70.46710045668826,3
24.8690625,131270,35.91817823107518,1004.8053967484046,70.54551775386705,3
24.8716015625,130757,36.122924151644014,1004.7681289279033,70.85791227067195,3
24.8180859375,131579,36.30481844901836,1004.8181892706439,70.43828762491806,4
24.815546875,132937,36.322126555598395,1004.8140095107037,70.47332329917297,2
24.781953125,132937,36.24271887072694,1004.800150061222,70.58949712101597,3
24.745625,133893,36.15724413183876,1004.7748789612546,70.8013299616503,2
24.7247265625,134107,36.085036709828366,1004.7681002319204,70.85815281606396,2
24.7044140625,134755,35.960367012298356,1004.7968151682976,70.61745132951631,2
24.7114453125,135299,35.86766349744926,1004.7738602918976,70.80986896112651,2
24.71203125,133893,35.96111636591972,1004.7886373102215,70.68600123962071,2
24.7024609375,133148,36.123750251150625,1004.7590691728421,70.9338563585624,2
24.6883984375,133893,36.46759857860827,1004.8049773282116,70.54903345780336,2
24.6739453125,134538,36.6889193312876,1004.7742758013125,70.80638595114372,2
24.6815625,134215,36.91276449404114,1004.7730049666956,70.81703873305847,2
24.6688671875,134430,37.070186479708276,1004.7728209541992,70.81858122027215,2
24.6751171875,135299,37.111987438513836,1004.8038283688663,70.55866438047717,2
24.6942578125,134430,37.1256847821054,1004.7870002689264,70.69972359532227,2
24.7055859375,134000,37.23276159947661,1004.7711200209483,70.83283932680592,4
24.7063671875,134000,37.33884598411005,1004.7585939631316,70.93783985551207,3
24.713984375,133360,37.61085317155922,1004.7849466105463,70.71693823295722,3
24.73859375,131786,37.991537961013876,1004.7563972866351,70.95625375437713,3
24.7622265625,132937,38.301922711594884,1004.760769129432,70.91960630051405,3
24.771796875,133573,38.3384867435324,1004.7627101705075,70.90333535125342,4
24.799140625,135518,38.0391940273679,1004.7593735006252,70.93130529870146,4
24.795234375,135848,37.60734331158809,1004.7598503889371,70.92730773320639,4
24.8536328125,136735,37.23597837856107,1004.7592755174999,70.93212665255624,4
24.8690625,136401,37.060976340952095,1004.7777653314747,70.77713499118046,4
24.894453125,136958,36.934178440658805,1004.7573859334543,70.94796630220235,3
24.9153515625,137070,36.777660833113686,1004.7503335925638,71.00708355166164,3
24.9528515625,138201,36.58189265728219,1004.7913286008584,70.66344177021784,3
24.9649609375,138544,36.37210789638645,1004.7767148724224,70.78594044751954,3
25.0126171875,138659,36.207073858855054,1004.751509210761,70.99722874176406,2
25.04953125,138087,36.13468271446657,1004.7431615451262,71.06720460283964,3
25.07609375,137521,36.17826274560558,1004.7315931418009,71.16417967535256,3
25.091328125,137974,36.15637175837167,1004.7704824821424,70.83818351346281,3
25.1231640625,137860,36.106883278305595,1004.7675869801001,70.86245517388421,3
25.1587109375,137521,36.12795159770751,1004.7431491734367,71.06730831117837,3
25.18234375,137747,36.07765458959065,1004.7958572263332,70.62548113926515,3
25.189375,138087,36.01988276611689,1004.7866930143758,70.70229913178072,3
25.2192578125,136623,36.13395384427266,1004.8013050604137,70.57981554186347,3
25.23,136846,36.23450886414784,1004.7775100014234,70.77927529059659,3
25.2426953125,138087,36.20064848059958,1004.7638388704806,70.89387393515553,3
25.238203125,137634,36.14168338675063,1004.7633597538296,70.89789016703122,3
25.221015625,139351,36.04639823795175,1004.7627278544929,70.90318711379217,3
25.251484375,138430,36.020179968575064,1004.7782993116056,70.77265891406083,2
25.258515625,137295,36.18466127211187,1004.789867702216,70.67568759808654,2
25.2294140625,137634,36.310574251674375,1004.7972809534596,70.61354695510695,2
25.19953125,138774,36.24904326814163,1004.7757588698291,70.79395413056604,2
25.156953125,139467,36.19213520808751,1004.760989540508,70.91775868380495,2
25.0926953125,139816,36.15650726768317,1004.7658220798018,70.87724954823669,3
25.071015625,139583,36.195312003838936,1004.7854267145799,70.71291379428732,3
25.0520703125,140402,36.304642247819515,1004.781888794818,70.7425701971817,3
25.023359375,141231,36.30764329398913,1004.7899161273833,70.6752816790282,3
25.013203125,141470,36.22468644422504,1004.7386547504138,71.10498384412071,2
24.9841015625,142311,36.16914579893159,1004.7736719058008,70.81144810901502,2
24.96046875,143408,36.07324733963075,1004.7416862372296,71.0795716948546,2
24.96359375,144024,35.945006410683874,1004.767555860918,70.8627160319629,3
24.9446484375,144397,35.82053872833495,1004.7432840338893,71.06617781457791,3
24.931171875,144397,35.68505412429994,1004.7418296046095,71.0783698857025,3
24.9508984375,142796,35.72780703753137,1004.760479127842,70.92203726679142,3
24.9305859375,144024,35.72581574273008,1004.7546822332312,70.9706304137325,2
24.8981640625,145147,35.606049878731056,1004.7358613058154,71.12840060362534,2
24.8848828125,145399,35.52319556705355,1004.7830819046928,70.73256901486043,2
24.8778515625,145273,35.49339354553447,1004.7646005564154,70.88748904789877,1
24.8727734375,145652,35.545311350728575,1004.756242061715,70.95755494674452,2
24.8798046875,144771,35.615910159777265,1004.7263676255733,71.2079841857914,2
24.86515625,144896,35.707742300972235,1004.7367965527378,71.12056065266461,2
24.8587109375,144896,35.80626477237436,1004.7330955532162,71.15158527984113,2
24.8409375,147188,35.73452581668093,1004.7245637435408,71.2231058292259,2
24.822578125,147577,35.65693895063486,1004.7496032699225,71.01320560416016,2
24.7915234375,146930,35.6422471791442,1004.7468346682658,71.0364139063849,2
24.771796875,148230,35.66363058965656,1004.741989726831,71.07702762550825,2
24.710078125,148361,35.71005444468213,1004.716360193892,71.29187510053016,2
24.6669140625,148493,35.74664051741438,1004.7488882138666,71.01919968542401,2
24.6204296875,149420,35.76541333266116,1004.713789880112,71.31342179441539,2
24.5690625,150901,35.68461609157369,1004.6913616986134,71.50143698261105,3
24.54796875,152273,35.50785159744431,1004.6911539044211,71.50317893482993,3
24.5118359375,153108,35.24267809726972,1004.7352222405473,71.13375773811107,3
24.4743359375,154520,35.07648580384783,1004.7425101501099,71.07266506261944,2
24.4481640625,153388,34.94636446345472,1004.7339293456109,71.14459578202701,2
24.4966015625,149821,35.06121946215737,1004.7377523168528,71.1125487170979,2
24.4520703125,151859,35.38801226991475,1004.7610723101196,70.91706485978455,3
24.4399609375,151310,35.50317398267115,1004.7204207577123,71.25783587444602,1
24.437421875,150629,35.69507347733144,1004.7300460717998,71.17714845022617,2
24.39796875,151173,35.825276301278954,1004.7064930908825,71.37459032184964,1
24.39484375,152689,35.81913985402841,1004.7427636870029,71.07053973436865,1
24.4114453125,151447,35.79744229164296,1004.7148806053391,71.30427834399975,1
24.4348828125,151584,35.80556462008017,1004.7258648002867,71.21219928443479,1
24.474921875,151310,35.809481855054,1004.7365713611072,71.12244837963074,1
24.5200390625,151173,35.72062092623354,1004.7142091642346,71.30990697278256,1
24.5512890625,151447,35.566387620650865,1004.6620985048571,71.74675510997636,2
24.589375,151310,35.436228315104366,1004.6419472248325,71.9156899418635,3
24.614765625,151447,35.24681669821195,1004.7113697239124,71.33370977249957,3
24.6325390625,152273,35.0975238772983,1004.6646735277424,71.72516804087384,3
24.6122265625,153248,34.90412305096263,1004.7002842846609,71.42663863907644,3
24.6001171875,153248,34.75230211023407,1004.6872525178853,71.53588456587423,3
24.6497265625,152968,34.69913227490665,1004.6653473541669,71.71951919067578,2
24.689765625,153670,34.73770433931177,1004.6552975876297,71.8037691371814,2
24.72921875,152134,34.758855673774335,1004.6926193455905,71.49089405248982,2
24.7571484375,152273,34.773116070300716,1004.6833430209604,71.56865829010157,2
24.776875,152273,34.76341684597243,1004.6950942111696,71.47014713695427,2
24.822578125,152411,34.75620481869758,1004.6805298406067,71.59224154100657,2
24.839765625,152550,34.74626278077115,1004.7088197993913,71.35508563097675,2
24.8008984375,152968,34.655668993199484,1004.644846204341,71.89138667080083,1
24.7977734375,152273,34.568547891314765,1004.6397026437279,71.93450717597156,1
24.809296875,153388,34.506006419021325,1004.6862983233967,71.54388366918155,1
24.8098828125,153952,34.52920084795183,1004.7148915909842,71.30418625237904,2
24.8034375,153952,34.47653087630028,1004.6904681259804,71.50892786214233,2
24.7723828125,153529,34.438886276778256,1004.6600725719749,71.76373904998944,2
24.7755078125,154236,34.410279302431505,1004.6790300550975,71.60481445670392,2
24.788984375,153248,34.41733922961982,1004.6943061497304,71.47675348888612,2
24.785078125,153248,34.45743767230817,1004.6602485597637,71.76226369593802,2
24.8059765625,152550,34.56354323443978,1004.6739259675076,71.64760286436483,2
24.8352734375,152828,34.69369864880044,1004.6530735379554,71.82241404720497,2
24.8778515625,152134,34.80206700683762,1004.6747974749196,71.64029686159995,2
24.938203125,151996,34.854239665075156,1004.6497734952967,71.85007940744124,2
24.9801953125,151584,34.916279049135994,1004.6428808713866,71.90786281401289,2
25.0278515625,151721,34.89185803189966,1004.6798472295732,71.59796396471343,2
25.061640625,152550,34.8545042440367,1004.6456211532095,71.88488998309961,1
25.0977734375,152134,34.79998575571526,1004.6497938774237,71.84990853703066,2
25.160078125,151584,34.79437489342163,1004.6762895930716,71.62778817974424,2
25.19953125,150090,34.88517883058946,1004.6306209073184,72.01064340458322,2
25.2712109375,149955,35.01400686718395,1004.679425238045,71.6015015802522,2
25.3315625,148757,35.15350615911227,1004.6819315605826,71.58049073638949,2
25.3844921875,147577,35.28080119481062,1004.6929540399497,71.48808829138689,1
25.4409375,148230,35.37362518368762,1004.6820927703853,71.57913929406418,2
25.5063671875,148757,35.40331351645205,1004.7136497455391,71.31459653038299,2
25.565546875,148493,35.33338047851394,1004.6934239433613,71.48414906667584,2
25.630390625,148099,35.23491796647936,1004.6755768912907,71.6337628788814,2
25.695234375,148625,35.11905132293268,1004.6715406791968,71.66759918982692,2
25.7505078125,147968,34.99069832814154,1004.658667386098,71.77551911725674,2
25.8204296875,147968,34.84642756427582,1004.6906139613375,71.50770531415539,1
25.876875,147447,34.73577928072244,1004.6657983629691,71.71573827630604,1
25.92140625,148361,34.589253799354516,1004.6628945233803,71.74008188027979,1
25.9704296875,148493,34.39694439991148,1004.6881237263535,71.5285811476531,1
26.01046875,147968,34.24448697291424,1004.6501391792576,71.84701375298546,1
26.028828125,148493,34.13634799774422,1004.6457142243969,71.88410973261563,1
26.059296875,149021,34.00054416586632,1004.6542690625226,71.81239158346007,1
26.08234375,149420,33.893008612059994,1004.6713849959636,71.6689043133077,1
26.080390625,148493,33.80625653058663,1004.6404924535908,71.92788587555319,1
26.124921875,147707,33.827777239609645,1004.6513877403039,71.83654664299351,1
26.12609375,148493,33.78749828048385,1004.6463924424139,71.87842397976151,1
26.16046875,148361,33.68116387696775,1004.6405900896572,71.92706735260855,1
26.170625,149554,33.607187798218646,1004.6780446290453,71.61307543203198,1
26.1712109375,148757,33.50355052621359,1004.6443994534286,71.89513195349792,1
26.1833203125,149955,33.383800413912,1004.6296898673402,72.01844875759333,1
26.1731640625,150090,33.27931284938781,1004.6476089794768,71.86822530673251,1
26.152265625,150629,33.1624110471161,1004.6201885826387,72.09810290208898,2
26.11984375,150090,33.061762957916834,1004.6084371698017,72.19662186899004,2
26.087421875,149955,32.96693179575933,1004.6451272395977,71.88903064611918,2
26.05109375,150765,32.87754491828134,1004.6269464932903,72.0414478071652,2
26.012421875,151859,32.82811966860684,1004.618749713213,72.11016573590729,2
25.98625,151447,32.77986893848559,1004.6380120271054,71.94868032353554,2
25.9551953125,151310,32.840037267432805,1004.656163159462,71.7965127844882,2
25.87375,152411,32.83253295206244,1004.6814166193145,71.58480755584974,0
25.8063671875,152134,32.83205801468573,1004.6605770478687,71.75950989035042,2
25.7747265625,152550,32.90936999067464,1004.6638990119404,71.73166099831786,2
25.712421875,152828,33.05270828551009,1004.6306337431614,72.01053579561561,2
25.667890625,151859,33.24949342343907,1004.640413583555,71.92854707526587,2
25.596015625,152828,33.42095763558082,1004.6605448077453,71.75978016808735,2
25.5216015625,153952,33.546303943527306,1004.6833875694881,71.56828483452227,2
25.4536328125,153670,33.59749330746565,1004.6338334135088,71.98371147513295,2
25.385078125,155093,33.66015016330989,1004.6593513908509,71.76978491192813,2
25.3278515625,155814,33.71236624848393,1004.6620018167606,71.74756567165157,2
25.2344921875,155959,33.77848276685974,1004.6397553100664,71.9340656522947,2
25.18234375,156835,33.79087070733079,1004.6438118450673,71.90005809977966,2
25.120625,157721,33.779322851824574,1004.6251990505006,72.05609750325293,2
25.0563671875,157721,33.79057684897016,1004.6438538543208,71.89970592001826,2
24.9719921875,158768,33.75964238014125,1004.622473009099,72.07895132729575,2
24.9159375,159981,33.73712980262242,1004.5924066040185,72.33101698247633,1
24.8098828125,158768,33.73872791957964,1004.6250980266384,72.05694443797866,2
24.71828125,159524,33.764698648059394,1004.6055523651536,72.22080701624861,3
24.6395703125,159981,33.8436797265557,1004.6210059653183,72.09125033972609,3
24.58546875,160749,33.90771287523856,1004.6009921541886,72.25903827211904,3
24.54171875,162149,33.98425702216191,1004.5842023915924,72.39979913550226,2
24.4755078125,159981,34.1106044283425,1004.5994631005769,72.27185736837319,2
24.4221875,159981,34.26133173279898,1004.629024499755,72.02402685558081,3
24.4114453125,159828,34.44510400766944,1004.5906270635425,72.34593618520638,3
24.405,159524,34.745251397252105,1004.607625750233,72.20342450824955,4
24.37765625,160594,35.00338375345314,1004.6109187322561,72.17581740181262,4
24.379609375,159524,35.09638803604848,1004.621037581324,72.09098528569187,3
24.3993359375,157129,35.35383688986822,1004.6190075608284,72.10800405649242,2
24.331953125,158019,35.69643871606596,1004.6115831788555,72.1702469436095,3
24.3618359375,159372,36.066815672045216,1004.5917698784954,72.33635512055739,2
24.4247265625,159828,36.260014810206755,1004.5503682425302,72.68346134758914,2
24.410078125,161213,36.02484506996119,1004.5745699596475,72.4805557195725,2
24.3637890625,161992,35.722847769559024,1004.6433033303915,71.90432117523787,1
24.2938671875,162464,35.46572630654201,1004.6247828617421,72.05958662700331,1
24.23078125,162149,35.29106076221263,1004.5968002088449,72.29418223837364,1
24.2180859375,163734,35.20272969674335,1004.6379997771558,71.94878302006822,0
24.1565625,162464,35.09816117168878,1004.5849703873564,72.39336042356338,0
24.0700390625,162938,35.13626212168979,1004.6080450876293,72.19990893924432,1
24.0395703125,163574,35.20876934523862,1004.6406427668167,71.92662573853141,1
23.9989453125,162621,35.30355380670629,1004.6358049603242,71.9671831182519,0
23.9727734375,162621,35.37073103337538,1004.6064843646552,72.21299346708975,0
23.971015625,162938,35.41704477834466,1004.631181623827,72.00594265298753,1
23.9301953125,162149,35.465409070316646,1004.6191128512891,72.10712134835636,0
23.8915234375,162306,35.58377876151201,1004.6381678836597,71.94737371192461,2
23.837421875,163894,35.67744660655124,1004.6731706195136,71.65393508606432,2
23.7903515625,163255,35.696158598151854,1004.6231924352963,72.07291999812922,2
23.73078125,163894,35.73112053770094,1004.6284667346893,72.02870287195283,2
23.7161328125,164055,35.79374188111491,1004.6181177240854,72.11546405280258,2
23.701484375,165842,35.83891034534749,1004.6629318697167,71.73976879636585,2
23.717890625,164700,35.92790952254359,1004.6417014646781,71.9177502472929,1
23.7649609375,165514,35.99080328694588,1004.7054829278551,71.38305848363169,2
23.7446484375,167166,35.959666386833725,1004.6857992168734,71.54806772916926,2
23.824140625,167836,36.008251490057745,1004.796117540431,70.62329909343431,1
23.9829296875,165025,35.95962410548164,1004.7818809602742,70.74263586987824,1
24.0579296875,166336,35.9086419077683,1004.7536791408878,70.97903897563774,1
24.05734375,165187,35.79783765522801,1004.7044190659128,71.39197680901677,1
24.246796875,164862,35.69978935012284,1004.7543010396819,70.97382582119162,1
24.3782421875,166171,35.363421414098475,1004.7223256240063,71.24186764406214,1
24.355390625,165842,35.16951045030743,1004.7192039798015,71.2680359680215,1
24.2346875,165187,34.995470569252575,1004.699849113393,71.43028668219875,1
24.1723828125,166336,34.90836779011416,1004.6800323579586,71.59641200727188,1
24.0815625,165842,34.83019569774276,1004.6753239799187,71.63588307835768,2
24.0122265625,166171,34.7772824783589,1004.6783817870142,71.61024898515414,2
23.967109375,167333,34.72091927921104,1004.6592373460281,71.77074098171697,2
23.9208203125,166999,34.66447552001527,1004.6933379667455,71.48486981299865,2
23.9098828125,167166,34.61719082215859,1004.6477254501219,71.86724889144456,2
23.9454296875,163574,34.74778364052834,1004.678702990639,71.60755628669891,2
23.951875,161524,35.11912176470596,1004.6824244733973,71.57635858598859,2
23.9690625,160441,35.52731068137392,1004.6486586770034,71.85942531830685,2
23.984296875,159069,35.94809390562268,1004.6944535583299,71.47551775612885,3
23.989375,159221,36.339820688255685,1004.7166173034698,71.28971977805516,3
23.97609375,158318,36.666265891817964,1004.7913123424062,70.66357805488835,3
23.9563671875,158318,36.93404401044961,1004.8484842661187,70.18435178523636,3
23.9315625,158617,37.16061273386864,1004.980057846119,69.08156011304244,3
23.9175,157573,37.37092300370948,1005.012063407968,68.8133212979602,3
23.8946484375,158617,37.539373583814076,1005.0847605283072,68.20407197206436,3
23.8571484375,158168,37.694712910693845,1005.1401990419763,67.73948501630123,3
23.81515625,158318,37.855634868541514,1005.1882187128524,67.33708636595921,3
23.772578125,157870,37.957571738837785,1005.2559473738073,66.7695553780491,3
23.724921875,155525,38.1063262794508,1005.3152850137874,66.27236223006638,3
23.6747265625,153952,38.24310911955124,1005.3979978258933,65.5793469531194,3
23.626484375,149021,38.39795559716923,1005.4425394742304,65.20617065506927,3
23.5673046875,146801,38.58736838142174,1005.5379638608578,64.40673655601113,3
