Temperature,Gas,Relative Humidity,Pressure,Altitude,PM 2.5 Standard
34.7798046875,13277,100,796.7189741665525,1982.4556093898398,1
34.7798046875,12751,100,796.7189741665525,1982.4556093898398,0
34.7798046875,22908,100,796.7189741665525,1982.4556093898398,1
34.7798046875,35195,100,796.7189741665525,1982.4556093898398,2
34.7798046875,50718,100,796.7189741665525,1982.4556093898398,1
24.9159375,26818,30.138394235879556,1003.7496067329037,79.3992270888701,1
34.7798046875,86138,100,796.7189741665525,1982.4556093898398,2
34.7798046875,100000,100,796.7189741665525,1982.4556093898398,2
34.7798046875,112115,100,796.7189741665525,1982.4556093898398,2
34.7798046875,124258,100,796.7189741665525,1982.4556093898398,1
34.7798046875,140993,100,796.7189741665525,1982.4556093898398,1
34.7798046875,151859,100,796.7189741665525,1982.4556093898398,2
34.7798046875,163894,100,796.7189741665525,1982.4556093898398,1
34.7798046875,175577,100,796.7189741665525,1982.4556093898398,0
34.7798046875,191301,100,796.7189741665525,1982.4556093898398,0
24.2665234375,67471,29.25602113659895,1003.675679494219,80.01945314359136,0
34.7798046875,227983,100,796.7189741665525,1982.4556093898398,0
34.7798046875,232325,100,796.7189741665525,1982.4556093898398,1
34.7798046875,238207,100,796.7189741665525,1982.4556093898398,0
34.7798046875,244757,100,796.7189741665525,1982.4556093898398,1
25.3659375,81368,28.839755850702574,1003.8259633347473,78.758658278065,0
34.7798046875,267195,100,796.7189741665525,1982.4556093898398,0
34.7798046875,268941,100,796.7189741665525,1982.4556093898398,0
34.7798046875,275694,100,796.7189741665525,1982.4556093898398,0
34.7798046875,279674,100,796.7189741665525,1982.4556093898398,0
34.7798046875,278492,100,796.7189741665525,1982.4556093898398,0
34.7798046875,285493,100,796.7189741665525,1982.4556093898398,1
34.7798046875,299786,100,796.7189741665525,1982.4556093898398,1
34.7798046875,305912,100,796.7189741665525,1982.4556093898398,0
34.7798046875,312887,100,796.7189741665525,1982.4556093898398,0
25.1969921875,96933,29.24947771486968,1004.3914610732116,74.0158270824879,0
34.7798046875,341078,100,796.7189741665525,1982.4556093898398,0
34.7798046875,327511,100,796.7189741665525,1982.4556093898398,0
34.7798046875,326860,100,796.7189741665525,1982.4556093898398,0
34.7798046875,334156,100,796.7189741665525,1982.4556093898398,0
25.105390625,104167,29.890765530327485,1004.6139547863329,72.1503643462964,0
34.7798046875,370633,100,796.7189741665525,1982.4556093898398,0
34.7798046875,368972,100,796.7189741665525,1982.4556093898398,0
34.7798046875,371889,100,796.7189741665525,1982.4556093898398,0
34.7798046875,376566,100,796.7189741665525,1982.4556093898398,0
24.74640625,109980,29.882842332347412,1004.7899782045529,70.67476132346705,0
34.7798046875,375279,100,796.7189741665525,1982.4556093898398,0
34.7798046875,376875,100,796.7189741665525,1982.4556093898398,0
24.574140625,116725,30.143018475764404,1004.8309124276195,70.33164002939519,0
34.7798046875,421228,100,796.7189741665525,1982.4556093898398,1
34.7798046875,415218,100,796.7189741665525,1982.4556093898398,1
34.7798046875,414446,100,796.7189741665525,1982.4556093898398,1
34.7798046875,415733,100,796.7189741665525,1982.4556093898398,1
24.3680859375,122891,29.69431890615767,1004.8229427666976,70.39844291080821,0
34.7798046875,446518,100,796.7189741665525,1982.4556093898398,0
34.7798046875,438330,100,796.7189741665525,1982.4556093898398,0
34.7798046875,438044,100,796.7189741665525,1982.4556093898398,0
34.7798046875,439193,100,796.7189741665525,1982.4556093898398,0
24.2473828125,127280,29.818450165867112,1004.9968114580297,68.94114712358503,0
34.7798046875,467410,100,796.7189741665525,1982.4556093898398,0
34.7798046875,459075,100,796.7189741665525,1982.4556093898398,0
24.222578125,130350,29.894723109220294,1004.9352410623864,69.45718148366416,0
34.7798046875,476731,100,796.7189741665525,1982.4556093898398,0
34.7798046875,469047,100,796.7189741665525,1982.4556093898398,0
34.7798046875,466758,100,796.7189741665525,1982.4556093898398,1
34.7798046875,468391,100,796.7189741665525,1982.4556093898398,1
24.2098828125,133573,30.10093826214832,1005.0040372616106,68.8805878312579,1
34.7798046875,496536,100,796.7189741665525,1982.4556093898398,2
34.7798046875,483970,100,796.7189741665525,1982.4556093898398,2
34.7798046875,478777,100,796.7189741665525,1982.4556093898398,1
34.7798046875,476392,100,796.7189741665525,1982.4556093898398,1
23.955,136179,30.65207710452293,1005.1497533578773,67.65941984055856,2
34.7798046875,508224,100,796.7189741665525,1982.4556093898398,2
34.7798046875,499500,100,796.7189741665525,1982.4556093898398,1
23.8469921875,138889,30.856711434150682,1005.1648387213359,67.53300573593043,1
34.7798046875,531215,100,796.7189741665525,1982.4556093898398,1
34.7798046875,522099,100,796.7189741665525,1982.4556093898398,0
34.7798046875,518459,100,796.7189741665525,1982.4556093898398,0
34.7798046875,516459,100,796.7189741665525,1982.4556093898398,0
23.9633984375,141470,30.529083031495738,1005.6395880535397,63.55543006426018,1
34.7798046875,533331,100,796.7189741665525,1982.4556093898398,0
34.7798046875,518058,100,796.7189741665525,1982.4556093898398,0
34.7798046875,507838,100,796.7189741665525,1982.4556093898398,0
34.7798046875,507069,100,796.7189741665525,1982.4556093898398,0
24.440546875,138315,31.26375703035797,1005.736189340278,62.7462650620351,0
34.7798046875,498014,100,796.7189741665525,1982.4556093898398,1
34.7798046875,461926,100,796.7189741665525,1982.4556093898398,0
34.7798046875,436046,100,796.7189741665525,1982.4556093898398,160
25.7372265625,123525,35.466706355417216,1005.6744023955866,63.26380612422873,270
34.7798046875,450121,100,796.7189741665525,1982.4556093898398,281
26.0981640625,130757,34.25286271429318,1005.7632168045195,62.51988516027626,168
34.7798046875,430438,100,796.7189741665525,1982.4556093898398,118
34.7798046875,442094,100,796.7189741665525,1982.4556093898398,69
34.7798046875,448313,100,796.7189741665525,1982.4556093898398,17
34.7798046875,434067,100,796.7189741665525,1982.4556093898398,8
34.7798046875,391421,100,796.7189741665525,1982.4556093898398,7
27.1716015625,129344,32.619872673672575,1005.6993792047621,63.05459176734744,5
34.7798046875,369386,100,796.7189741665525,1982.4556093898398,4
27.423359375,110343,37.22754637848314,1005.7454702772474,62.668528113076306,22
34.7798046875,380951,100,796.7189741665525,1982.4556093898398,20
27.5567578125,126415,35.09160370840701,1005.728748151872,62.80859273207566,38
29.0376171875,100299,35.81325128186939,1005.8184028324113,62.05766665408195,88
34.7798046875,185484,100,796.7189741665525,1982.4556093898398,150
34.7798046875,180108,100,796.7189741665525,1982.4556093898398,204
28.6284375,88225,57.40590957375254,1005.7659673721869,62.496846899302255,230
28.77453125,106417,49.819083750349236,1005.7971142567881,62.23596974527511,168
28.8610546875,118041,43.08159574080144,1005.6957486829066,63.08500200761406,46
34.7798046875,357750,100,796.7189741665525,1982.4556093898398,47
34.7798046875,366509,100,796.7189741665525,1982.4556093898398,39
34.7798046875,306196,100,796.7189741665525,1982.4556093898398,2
34.7798046875,284999,100,796.7189741665525,1982.4556093898398,3
29.338984375,110854,37.40951105113596,1005.7978084836298,62.23015517974704,32
34.7798046875,357362,100,796.7189741665525,1982.4556093898398,31
29.5087109375,126225,32.41242496242907,1005.762895672674,62.522574906286906,33
29.533515625,132621,30.26828629915704,1005.7200470173129,62.881474231403146,3
34.7798046875,422824,100,796.7189741665525,1982.4556093898398,2
34.7798046875,402242,100,796.7189741665525,1982.4556093898398,2
34.7798046875,362874,100,796.7189741665525,1982.4556093898398,3
34.7798046875,372309,100,796.7189741665525,1982.4556093898398,2
34.7798046875,407880,100,796.7189741665525,1982.4556093898398,2
34.7798046875,390508,100,796.7189741665525,1982.4556093898398,1
34.7798046875,388468,100,796.7189741665525,1982.4556093898398,1
34.7798046875,394653,100,796.7189741665525,1982.4556093898398,0
29.352265625,127668,27.065012303901288,1005.8056633497151,62.16436619888447,0
34.7798046875,313482,100,796.7189741665525,1982.4556093898398,7
29.4221875,117958,32.41582943449969,1005.8089536988296,62.136807773127664,9
34.7798046875,382912,100,796.7189741665525,1982.4556093898398,14
29.27921875,130553,30.983965362069924,1005.8111396257673,62.11849951150182,7
34.7798046875,398411,100,796.7189741665525,1982.4556093898398,9
34.7798046875,400078,100,796.7189741665525,1982.4556093898398,9
34.7798046875,402968,100,796.7189741665525,1982.4556093898398,8
29.1571484375,133893,28.972389990519563,1005.7710023262506,62.45467516015459,7
34.7798046875,445330,100,796.7189741665525,1982.4556093898398,5
28.7923046875,132516,28.89099209855685,1005.756765636339,62.5739191869131,3
34.7798046875,419380,100,796.7189741665525,1982.4556093898398,2
34.7798046875,387120,100,796.7189741665525,1982.4556093898398,2
34.7798046875,407135,100,796.7189741665525,1982.4556093898398,2
34.7798046875,366509,100,796.7189741665525,1982.4556093898398,2
34.7798046875,373719,100,796.7189741665525,1982.4556093898398,2
28.7122265625,126511,32.57940249187348,1005.8200158402797,62.0441569837786,1
34.7798046875,422024,100,796.7189741665525,1982.4556093898398,0
34.7798046875,419906,100,796.7189741665525,1982.4556093898398,1
34.7798046875,424702,100,796.7189741665525,1982.4556093898398,1
34.7798046875,430161,100,796.7189741665525,1982.4556093898398,0
34.7798046875,434067,100,796.7189741665525,1982.4556093898398,0
34.7798046875,307339,100,796.7189741665525,1982.4556093898398,0
34.7798046875,314380,100,796.7189741665525,1982.4556093898398,0
34.7798046875,353526,100,796.7189741665525,1982.4556093898398,1
34.7798046875,265472,100,796.7189741665525,1982.4556093898398,0
34.7798046875,268065,100,796.7189741665525,1982.4556093898398,0
34.7798046875,272727,100,796.7189741665525,1982.4556093898398,25
29.829609375,89354,47.022547430643435,1005.8710611240753,61.61663871053735,164
29.4534375,100661,51.33871733801415,1005.8323367929247,61.940964012581375,195
29.496015625,117544,45.49056515825194,1005.8534092169418,61.76447629445712,197
29.607734375,124074,40.09756426123085,1005.8346862108482,61.92128680161069,88
34.7798046875,383131,100,796.7189741665525,1982.4556093898398,34
34.7798046875,305062,100,796.7189741665525,1982.4556093898398,9
29.5880078125,112492,38.664281829848505,1005.8510736436713,61.78403725659799,10
29.6434765625,127280,37.198162042633655,1006.115926086593,59.5660716066057,10
29.812421875,120590,35.22252011925019,1005.996039879688,60.569981455669804,10
29.7602734375,128945,36.47627592767373,1006.0080496716864,60.469408819394054,13
29.7602734375,136735,34.46325356685536,1005.9593297233453,60.87740639625493,13
34.7798046875,330137,100,796.7189741665525,1982.4556093898398,14
34.7798046875,229253,100,796.7189741665525,1982.4556093898398,53
34.7798046875,226728,100,796.7189741665525,1982.4556093898398,77
29.9008984375,107372,47.440984424401854,1005.8277198254198,61.979632866448746,68
29.8848828125,122711,41.353773576343926,1005.7666835023625,62.490848729890935,68
29.7055859375,132098,36.8076316305965,1005.751428434871,62.6186230059306,3
34.7798046875,417288,100,796.7189741665525,1982.4556093898398,2
34.7798046875,402000,100,796.7189741665525,1982.4556093898398,3
34.7798046875,391650,100,796.7189741665525,1982.4556093898398,3
34.7798046875,279674,100,796.7189741665525,1982.4556093898398,51
28.9411328125,95279,47.72212685869983,1005.7922941226489,62.2763413447775,89
34.7798046875,334156,100,796.7189741665525,1982.4556093898398,100
29.833515625,92309,47.83001500298685,1005.8356951087138,61.91283693446956,173
34.7798046875,269822,100,796.7189741665525,1982.4556093898398,128
34.7798046875,198808,100,796.7189741665525,1982.4556093898398,135
34.7798046875,204740,100,796.7189741665525,1982.4556093898398,132
31.6239453125,76186,65.23725673576833,1005.9283157319863,61.13713654377713,163
34.7798046875,213777,100,796.7189741665525,1982.4556093898398,132
28.8165234375,103077,59.36126004515866,1005.8173314632529,62.066639864954844,115
34.7798046875,356202,100,796.7189741665525,1982.4556093898398,115
34.7798046875,359311,100,796.7189741665525,1982.4556093898398,115
34.7798046875,230860,100,796.7189741665525,1982.4556093898398,86
28.251484375,88411,60.42452099688422,1005.8421121846138,61.859091874077855,52
34.7798046875,307626,100,796.7189741665525,1982.4556093898398,55
28.1846875,115917,49.862739077496016,1005.8088695536921,62.13751253254672,59
27.9501171875,131167,44.15589480954514,1005.8125970316054,62.106293006431166,8
34.7798046875,435195,100,796.7189741665525,1982.4556093898398,7
34.7798046875,411137,100,796.7189741665525,1982.4556093898398,7
34.7798046875,387793,100,796.7189741665525,1982.4556093898398,7
34.7798046875,393492,100,796.7189741665525,1982.4556093898398,7
34.7798046875,272051,100,796.7189741665525,1982.4556093898398,3
34.7798046875,343210,100,796.7189741665525,1982.4556093898398,3
34.7798046875,348292,100,796.7189741665525,1982.4556093898398,2
34.7798046875,325568,100,796.7189741665525,1982.4556093898398,1
34.7798046875,374000,100,796.7189741665525,1982.4556093898398,0
28.9028515625,107786,42.8716832824844,1005.8268389598186,61.98701046625941,7
29.10578125,124628,42.94456144928355,1005.8119571103148,62.11165266652427,8
34.7798046875,268065,100,796.7189741665525,1982.4556093898398,10
30.4079296875,83978,59.99967356785601,1005.9127387077638,61.26759052555803,45
34.7798046875,236326,100,796.7189741665525,1982.4556093898398,40
34.7798046875,277787,100,796.7189741665525,1982.4556093898398,40
34.7798046875,267629,100,796.7189741665525,1982.4556093898398,39
34.7798046875,248449,100,796.7189741665525,1982.4556093898398,38
34.7798046875,162938,100,796.7189741665525,1982.4556093898398,81
34.7798046875,168004,100,796.7189741665525,1982.4556093898398,49
31.7243359375,93130,56.80751593163842,1005.8410942020544,61.867617784647024,46
31.9481640625,110125,47.38220784411825,1005.8227952755068,62.02087799804417,49
31.9633984375,121026,40.07187374815472,1005.8406995944574,61.870922744015616,3
34.7798046875,248075,100,796.7189741665525,1982.4556093898398,22
32.04015625,90709,49.364880376681114,1005.8822861285026,61.522628571342544,25
33.1696484375,77959,59.36827767590068,1005.9296462652143,61.12599371098116,93
34.7798046875,159676,100,796.7189741665525,1982.4556093898398,93
32.6598828125,85609,65.11096066781181,1005.8181554722591,62.059738408766364,72
34.7798046875,150359,100,796.7189741665525,1982.4556093898398,122
34.7798046875,125940,100,796.7189741665525,1982.4556093898398,155
33.416328125,67963,80.05911762827398,1005.9051489889389,61.33115326121569,189
34.7798046875,171268,100,796.7189741665525,1982.4556093898398,189
33.85109375,74959,61.17460086597987,1005.9628824528947,60.84765407826225,122
34.7798046875,153248,100,796.7189741665525,1982.4556093898398,151
33.6159375,81685,64.58481275390707,1005.908636058322,61.30194953963742,165
34.7798046875,179336,100,796.7189741665525,1982.4556093898398,183
33.702265625,90221,53.31323773831608,1005.8953454314466,61.41325713225414,81
33.8930859375,85435,49.447828996674865,1005.9542870002981,60.91963680433062,21
34.7798046875,168681,100,796.7189741665525,1982.4556093898398,21
34.7798046875,172148,100,796.7189741665525,1982.4556093898398,33
34.0036328125,73770,61.907712150248614,1005.917312307402,61.22928751481533,56
34.7798046875,158918,100,796.7189741665525,1982.4556093898398,73
34.605,67362,72.27539394339732,1005.9508341918554,60.94855253234294,138
34.7798046875,133148,100,796.7189741665525,1982.4556093898398,106
34.7798046875,166501,100,796.7189741665525,1982.4556093898398,94
34.7798046875,186323,100,796.7189741665525,1982.4556093898398,92
34.7798046875,220062,100,796.7189741665525,1982.4556093898398,94
34.7798046875,191079,100,796.7189741665525,1982.4556093898398,77
34.7798046875,232818,100,796.7189741665525,1982.4556093898398,66
34.7798046875,171619,100,796.7189741665525,1982.4556093898398,47
34.1141796875,94526,42.17349072950758,1005.8172143483239,62.06762075697174,7
34.3298046875,92106,38.09683531997715,1005.8741680165981,61.59061819938722,20
35.6727734375,69544,56.842702413803025,1006.011397534496,60.44137325410584,182
34.7798046875,158019,100,796.7189741665525,1982.4556093898398,199
34.7798046875,209560,100,796.7189741665525,1982.4556093898398,199
34.7798046875,256579,100,796.7189741665525,1982.4556093898398,198
34.7798046875,291301,100,796.7189741665525,1982.4556093898398,196
34.7798046875,312590,100,796.7189741665525,1982.4556093898398,186
34.7798046875,334156,100,796.7189741665525,1982.4556093898398,150
34.7798046875,353906,100,796.7189741665525,1982.4556093898398,89
34.7798046875,368147,100,796.7189741665525,1982.4556093898398,22
34.7798046875,373928,100,796.7189741665525,1982.4556093898398,2
34.7798046875,386896,100,796.7189741665525,1982.4556093898398,0
34.7798046875,398411,100,796.7189741665525,1982.4556093898398,0
34.7798046875,412149,100,796.7189741665525,1982.4556093898398,0
34.7798046875,423091,100,796.7189741665525,1982.4556093898398,0
34.7798046875,438618,100,796.7189741665525,1982.4556093898398,0
34.7798046875,449819,100,796.7189741665525,1982.4556093898398,0
34.7798046875,457506,100,796.7189741665525,1982.4556093898398,0
27.576484375,146930,27.19408180520463,1005.1160318292783,67.94200903094894,1
34.7798046875,517657,100,796.7189741665525,1982.4556093898398,0
34.7798046875,518861,100,796.7189741665525,1982.4556093898398,0
34.7798046875,524965,100,796.7189741665525,1982.4556093898398,0
26.5614453125,156982,27.428154298917832,1005.0225295457797,68.72560603189542,0
34.7798046875,570614,100,796.7189741665525,1982.4556093898398,1
34.7798046875,557776,100,796.7189741665525,1982.4556093898398,0
34.7798046875,558241,100,796.7189741665525,1982.4556093898398,0
25.9633984375,161524,28.021965613353096,1004.9879416523903,69.01548524106052,0
34.7798046875,599759,100,796.7189741665525,1982.4556093898398,0
34.7798046875,586618,100,796.7189741665525,1982.4556093898398,0
25.6298046875,166171,28.394301781375418,1004.9719978823944,69.1491118099655,0
34.7798046875,620900,100,796.7189741665525,1982.4556093898398,0
34.7798046875,610703,100,796.7189741665525,1982.4556093898398,0
34.7798046875,609036,100,796.7189741665525,1982.4556093898398,0
25.3036328125,168173,28.451045557785644,1004.8226241917456,70.40111326228475,0
34.7798046875,635039,100,796.7189741665525,1982.4556093898398,0
34.7798046875,622633,100,796.7189741665525,1982.4556093898398,1
34.7798046875,610703,100,796.7189741665525,1982.4556093898398,1
34.7798046875,615194,100,796.7189741665525,1982.4556093898398,0
25.0087109375,170570,29.010816954759054,1004.7450806988429,71.05111689789372,0
34.7798046875,633236,100,796.7189741665525,1982.4556093898398,0
24.9294140625,172503,29.17147437555505,1004.7113026160276,71.33427233315552,0
34.7798046875,639895,100,796.7189741665525,1982.4556093898398,0
34.7798046875,620325,100,796.7189741665525,1982.4556093898398,0
34.7798046875,612379,100,796.7189741665525,1982.4556093898398,0
34.7798046875,611261,100,796.7189741665525,1982.4556093898398,0
24.7196484375,170570,30.099256701581517,1004.6975838958912,71.4492760335898,0
34.7798046875,646072,100,796.7189741665525,1982.4556093898398,0
34.7798046875,628479,100,796.7189741665525,1982.4556093898398,0
34.7798046875,622055,100,796.7189741665525,1982.4556093898398,0
34.7798046875,619751,100,796.7189741665525,1982.4556093898398,0
34.7798046875,612379,100,796.7189741665525,1982.4556093898398,0
34.7798046875,614065,100,796.7189741665525,1982.4556093898398,0
34.7798046875,620900,100,796.7189741665525,1982.4556093898398,0
34.7798046875,614065,100,796.7189741665525,1982.4556093898398,0
34.7798046875,607378,100,796.7189741665525,1982.4556093898398,0
24.7094921875,171093,31.027267981674314,1004.086943487877,76.5695482179357,0
34.7798046875,660741,100,796.7189741665525,1982.4556093898398,0
34.7798046875,643587,100,796.7189741665525,1982.4556093898398,0
34.7798046875,639895,100,796.7189741665525,1982.4556093898398,0
34.7798046875,647948,100,796.7189741665525,1982.4556093898398,0
34.7798046875,653643,100,796.7189741665525,1982.4556093898398,0
24.6071484375,175393,29.541017094299946,1003.6907086584372,79.89336023325195,0
34.7798046875,692172,100,796.7189741665525,1982.4556093898398,0
34.7798046875,672019,100,796.7189741665525,1982.4556093898398,0
34.7798046875,662704,100,796.7189741665525,1982.4556093898398,0
34.7798046875,645449,100,796.7189741665525,1982.4556093898398,0
34.7798046875,621477,100,796.7189741665525,1982.4556093898398,1
25.1161328125,173216,29.527687229573374,1003.6296346756707,80.40577324273558,1
34.7798046875,652369,100,796.7189741665525,1982.4556093898398,1
34.7798046875,612379,100,796.7189741665525,1982.4556093898398,1
25.37296875,169878,29.53804485321708,1003.5748285731008,80.86561999663503,1
34.7798046875,623794,100,796.7189741665525,1982.4556093898398,0
34.7798046875,606278,100,796.7189741665525,1982.4556093898398,0
34.7798046875,610146,100,796.7189741665525,1982.4556093898398,0
34.7798046875,608482,100,796.7189741665525,1982.4556093898398,1
25.2395703125,171268,29.415017607082913,1003.6113674491229,80.55904086481756,0
34.7798046875,660741,100,796.7189741665525,1982.4556093898398,0
34.7798046875,642969,100,796.7189741665525,1982.4556093898398,0
34.7798046875,638674,100,796.7189741665525,1982.4556093898398,0
34.7798046875,631444,100,796.7189741665525,1982.4556093898398,1
34.7798046875,631444,100,796.7189741665525,1982.4556093898398,0
34.7798046875,632040,100,796.7189741665525,1982.4556093898398,0
34.7798046875,627890,100,796.7189741665525,1982.4556093898398,0
24.9534375,173395,29.37437486241066,1003.5971054157942,80.67870526008849,0
34.7798046875,666664,100,796.7189741665525,1982.4556093898398,0
24.9883984375,174116,29.293533601530235,1003.5371308833903,81.18193161759137,0
34.7798046875,670672,100,796.7189741665525,1982.4556093898398,0
34.7798046875,623213,100,796.7189741665525,1982.4556093898398,0
34.7798046875,561990,100,796.7189741665525,1982.4556093898398,0
34.7798046875,539348,100,796.7189741665525,1982.4556093898398,0
34.7798046875,532907,100,796.7189741665525,1982.4556093898398,0
34.7798046875,532483,100,796.7189741665525,1982.4556093898398,0
24.6376171875,158768,32.325690622468144,1003.8029701820678,78.95154768271298,0
34.7798046875,564360,100,796.7189741665525,1982.4556093898398,0
34.7798046875,544614,100,796.7189741665525,1982.4556093898398,0
34.7798046875,535893,100,796.7189741665525,1982.4556093898398,0
34.7798046875,529534,100,796.7189741665525,1982.4556093898398,0
34.7798046875,511330,100,796.7189741665525,1982.4556093898398,0
34.7798046875,514079,100,796.7189741665525,1982.4556093898398,0
34.7798046875,504774,100,796.7189741665525,1982.4556093898398,0
34.7798046875,491072,100,796.7189741665525,1982.4556093898398,0
34.7798046875,505155,100,796.7189741665525,1982.4556093898398,0
34.7798046875,547734,100,796.7189741665525,1982.4556093898398,0
34.7798046875,558241,100,796.7189741665525,1982.4556093898398,0
34.7798046875,555001,100,796.7189741665525,1982.4556093898398,0
34.7798046875,554541,100,796.7189741665525,1982.4556093898398,0
34.7798046875,535037,100,796.7189741665525,1982.4556093898398,0
34.7798046875,530794,100,796.7189741665525,1982.4556093898398,0
34.7798046875,521286,100,796.7189741665525,1982.4556093898398,0
34.7798046875,510161,100,796.7189741665525,1982.4556093898398,0
24.10890625,150224,36.667750720896265,1004.6651714641624,71.72099371890911,0
34.7798046875,533757,100,796.7189741665525,1982.4556093898398,1
34.7798046875,507838,100,796.7189741665525,1982.4556093898398,1
24.3243359375,151996,36.683341278446036,1004.6956679796643,71.46533721435287,1
34.7798046875,541092,100,796.7189741665525,1982.4556093898398,0
34.7798046875,527447,100,796.7189741665525,1982.4556093898398,1
34.7798046875,517257,100,796.7189741665525,1982.4556093898398,1
34.7798046875,513290,100,796.7189741665525,1982.4556093898398,1
34.7798046875,512112,100,796.7189741665525,1982.4556093898398,1
24.679609375,152689,34.88739672079407,1004.6662019424465,71.71235497444908,0
34.7798046875,546839,100,796.7189741665525,1982.4556093898398,0
34.7798046875,523733,100,796.7189741665525,1982.4556093898398,0
34.7798046875,514474,100,796.7189741665525,1982.4556093898398,0
34.7798046875,511330,100,796.7189741665525,1982.4556093898398,0
34.7798046875,507453,100,796.7189741665525,1982.4556093898398,0
24.8505078125,150359,34.48100844542146,1004.6919629404772,71.4963967346344,0
